[
  {
    "x": [
      -1.0,
      0.0,
      1.0
    ],
    "w": [
      0.3333333333333333,
      1.3333333333333333,
      0.3333333333333333
    ],
    "d": [
      [
        -1.5,
        2.0,
        -0.5
      ],
      [
        -0.5,
        0.0,
        0.5
      ],
      [
        0.5,
        -2.0,
        1.5
      ]
    ]
  },
  {
    "x": [
      -1.0,
      -0.4472135954999579,
      0.4472135954999579,
      1.0
    ],
    "w": [
      0.16666666666666666,
      0.8333333333333334,
      0.8333333333333334,
      0.16666666666666666
    ],
    "d": [
      [
        -3.0,
        4.045084971874737,
        -1.545084971874737,
        0.5
      ],
      [
        -0.8090169943749475,
        0.0,
        1.118033988749895,
        -0.30901699437494745
      ],
      [
        0.30901699437494745,
        -1.118033988749895,
        0.0,
        0.8090169943749475
      ],
      [
        -0.5,
        1.545084971874737,
        -4.045084971874737,
        3.0
      ]
    ]
  },
  {
    "x": [
      -1.0,
      -0.6546536707079772,
      0.0,
      0.6546536707079772,
      1.0
    ],
    "w": [
      0.1,
      0.5444444444444444,
      0.7111111111111111,
      0.5444444444444444,
      0.1
    ],
    "d": [
      [
        -5.0,
        6.75650248872424,
        -2.6666666666666665,
        1.4101641779424268,
        -0.5
      ],
      [
        -1.2409902530309829,
        0.0,
        1.7457431218879391,
        -0.7637626158259734,
        0.25900974696901713
      ],
      [
        0.375,
        -1.3365845776954532,
        0.0,
        1.3365845776954532,
        -0.375
      ],
      [
        -0.25900974696901713,
        0.7637626158259734,
        -1.7457431218879391,
        0.0,
        1.2409902530309829
      ],
      [
        0.5,
        -1.4101641779424268,
        2.6666666666666665,
        -6.75650248872424,
        5.0
      ]
    ]
  },
  {
    "x": [
      -1.0,
      -0.7650553239294647,
      -0.2852315164806451,
      0.2852315164806451,
      0.7650553239294647,
      1.0
    ],
    "w": [
      0.06666666666666667,
      0.378474956297847,
      0.5548583770354863,
      0.5548583770354863,
      0.378474956297847,
      0.06666666666666667
    ],
    "d": [
      [
        -7.5,
        10.14141593631967,
        -4.036187270305348,
        2.244684648176167,
        -1.349913314190488,
        0.5
      ],
      [
        -1.7863649483390949,
        0.0,
        2.5234267774294556,
        -1.1528281585359292,
        0.6535475074298002,
        -0.23778117798423137
      ],
      [
        0.4849510478535692,
        -1.7212569528302333,
        0.0,
        1.752961966367866,
        -0.7863566722232407,
        0.26970061083203895
      ],
      [
        -0.26970061083203895,
        0.7863566722232407,
        -1.752961966367866,
        0.0,
        1.7212569528302333,
        -0.4849510478535692
      ],
      [
        0.23778117798423137,
        -0.6535475074298002,
        1.1528281585359292,
        -2.5234267774294556,
        0.0,
        1.7863649483390949
      ],
      [
        -0.5,
        1.349913314190488,
        -2.244684648176167,
        4.036187270305348,
        -10.14141593631967,
        7.5
      ]
    ]
  },
  {
    "x": [
      -1.0,
      -0.830223896278567,
      -0.46884879347071423,
      0.0,
      0.46884879347071423,
      0.830223896278567,
      1.0
    ],
    "w": [
      0.047619047619047616,
      0.27682604736156596,
      0.4317453812098626,
      0.4876190476190476,
      0.4317453812098626,
      0.27682604736156596,
      0.047619047619047616
    ],
    "d": [
      [
        -10.5,
        14.201576602919816,
        -5.668985225545508,
        3.2,
        -2.049964813076743,
        1.3173734357024345,
        -0.5
      ],
      [
        -2.4429260142442897,
        0.0,
        3.4558282142942853,
        -1.598606688098367,
        0.9613397972887117,
        -0.6022471796357857,
        0.22661187039544534
      ],
      [
        0.6252566655153421,
        -2.2158042831699714,
        0.0,
        2.266698087085999,
        -1.0664419040063746,
        0.6163908355175796,
        -0.22609940094257466
      ],
      [
        -0.3125,
        0.9075444712688209,
        -2.006969240588753,
        0.0,
        2.006969240588753,
        -0.9075444712688209,
        0.3125
      ],
      [
        0.22609940094257466,
        -0.6163908355175796,
        1.0664419040063746,
        -2.266698087085999,
        0.0,
        2.2158042831699714,
        -0.6252566655153421
      ],
      [
        -0.22661187039544534,
        0.6022471796357857,
        -0.9613397972887117,
        1.598606688098367,
        -3.4558282142942853,
        0.0,
        2.4429260142442897
      ],
      [
        0.5,
        -1.3173734357024345,
        2.049964813076743,
        -3.2,
        5.668985225545508,
        -14.201576602919816,
        10.5
      ]
    ]
  },
  {
    "x": [
      -1.0,
      -0.8717401485096066,
      -0.5917001814331423,
      -0.20929921790247888,
      0.20929921790247888,
      0.5917001814331423,
      0.8717401485096066,
      1.0
    ],
    "w": [
      0.03571428571428571,
      0.21070422714350603,
      0.34112269248350435,
      0.4124587946587039,
      0.4124587946587039,
      0.34112269248350435,
      0.21070422714350603,
      0.03571428571428571
    ],
    "d": [
      [
        -14.0,
        18.93759860711737,
        -7.569289819348487,
        4.297908164265175,
        -2.810188989257949,
        1.9416594255441224,
        -1.297687388320232,
        0.5
      ],
      [
        -3.20991570300299,
        0.0,
        4.543585064566564,
        -2.1120612143145423,
        1.2942320509135015,
        -0.869448098331493,
        0.5735654149402641,
        -0.21995751477130437
      ],
      [
        0.7924766813205145,
        -2.8064757947364334,
        0.0,
        2.8755174059725053,
        -1.3727858318060284,
        0.8450225565065105,
        -0.537039586157661,
        0.20328456890059274
      ],
      [
        -0.37215043572859485,
        1.0789446887904528,
        -2.3781872335155056,
        0.0,
        2.3889243591582394,
        -1.1353580168811115,
        0.6611573509003112,
        -0.243330712723791
      ],
      [
        0.243330712723791,
        -0.6611573509003112,
        1.1353580168811115,
        -2.3889243591582394,
        0.0,
        2.3781872335155056,
        -1.0789446887904528,
        0.37215043572859485
      ],
      [
        -0.20328456890059274,
        0.537039586157661,
        -0.8450225565065105,
        1.3727858318060284,
        -2.8755174059725053,
        0.0,
        2.8064757947364334,
        -0.7924766813205145
      ],
      [
        0.21995751477130437,
        -0.5735654149402641,
        0.869448098331493,
        -1.2942320509135015,
        2.1120612143145423,
        -4.543585064566564,
        0.0,
        3.20991570300299
      ],
      [
        -0.5,
        1.297687388320232,
        -1.9416594255441224,
        2.810188989257949,
        -4.297908164265175,
        7.569289819348487,
        -18.93759860711737,
        14.0
      ]
    ]
  },
  {
    "x": [
      -1.0,
      -0.8997579954114602,
      -0.6771862795107377,
      -0.36311746382617816,
      0.0,
      0.36311746382617816,
      0.6771862795107377,
      0.8997579954114602,
      1.0
    ],
    "w": [
      0.027777777777777776,
      0.16549536156080552,
      0.2745387125001617,
      0.34642851097304633,
      0.37151927437641724,
      0.34642851097304633,
      0.2745387125001617,
      0.16549536156080552,
      0.027777777777777776
    ],
    "d": [
      [
        -18.0,
        24.349745171593067,
        -9.738701657211548,
        5.544963906949379,
        -3.657142857142857,
        2.590745676559355,
        -1.8744408734469833,
        1.2848306326995884,
        -0.5
      ],
      [
        -4.087013702033676,
        0.0,
        5.786805816637312,
        -2.696065440314056,
        1.6652216450053852,
        -1.1456537384551324,
        0.8167563817413859,
        -0.5557049812837168,
        0.21565401870249898
      ],
      [
        0.985360090074507,
        -3.4883587534344547,
        0.0,
        3.576680940125615,
        -1.7178321571950628,
        1.0798038112826305,
        -0.7383492771903861,
        0.4923509383155074,
        -0.18965559197835644
      ],
      [
        -0.44461344928109064,
        1.2879607500639065,
        -2.8344589120794206,
        0.0,
        2.851915968462895,
        -1.3769648937605121,
        0.8557261850926754,
        -0.5473001605340514,
        0.20773451203559717
      ],
      [
        0.2734375,
        -0.7417823979162542,
        1.2694130863581494,
        -2.659310217573918,
        0.0,
        2.659310217573918,
        -1.2694130863581494,
        0.7417823979162542,
        -0.2734375
      ],
      [
        -0.20773451203559717,
        0.5473001605340514,
        -0.8557261850926754,
        1.3769648937605121,
        -2.851915968462895,
        0.0,
        2.8344589120794206,
        -1.2879607500639065,
        0.44461344928109064
      ],
      [
        0.18965559197835644,
        -0.4923509383155074,
        0.7383492771903861,
        -1.0798038112826305,
        1.7178321571950628,
        -3.576680940125615,
        0.0,
        3.4883587534344547,
        -0.985360090074507
      ],
      [
        -0.21565401870249898,
        0.5557049812837168,
        -0.8167563817413859,
        1.1456537384551324,
        -1.6652216450053852,
        2.696065440314056,
        -5.786805816637312,
        0.0,
        4.087013702033676
      ],
      [
        0.5,
        -1.2848306326995884,
        1.8744408734469833,
        -2.590745676559355,
        3.657142857142857,
        -5.544963906949379,
        9.738701657211548,
        -24.349745171593067,
        18.0
      ]
    ]
  },
  {
    "x": [
      -1.0,
      -0.9195339081664589,
      -0.738773865105505,
      -0.4779249498104445,
      -0.16527895766638703,
      0.16527895766638703,
      0.4779249498104445,
      0.738773865105505,
      0.9195339081664589,
      1.0
    ],
    "w": [
      0.022222222222222223,
      0.13330599085107012,
      0.22488934206312644,
      0.2920426836796838,
      0.32753976118389744,
      0.32753976118389744,
      0.2920426836796838,
      0.22488934206312644,
      0.13330599085107012,
      0.022222222222222223
    ],
    "d": [
      [
        -22.5,
        30.43814502928192,
        -12.17794670742982,
        6.943788485133954,
        -4.5993547611031325,
        3.294643033749184,
        -2.452884175442687,
        1.8295639319032462,
        -1.2759548360926636,
        0.5
      ],
      [
        -5.074064702978063,
        0.0,
        7.185502869705825,
        -3.3516638627467734,
        2.078207994036417,
        -1.4449484487514552,
        1.0591544636454413,
        -0.7832392931379083,
        0.5437537382357056,
        -0.2127027580091888
      ],
      [
        1.203351992852207,
        -4.259297354965219,
        0.0,
        4.368674557010185,
        -2.104350179413156,
        1.3349154838782515,
        -0.9366032131394474,
        0.676797087196086,
        -0.46427495890815756,
        0.18078658548924992
      ],
      [
        -0.5283693768202727,
        1.5299026381816034,
        -3.3641258682978177,
        0.0,
        3.3873181012024447,
        -1.6464940839870597,
        1.0461893655024936,
        -0.7212373127216039,
        0.48346232633394814,
        -0.18664578939373597
      ],
      [
        0.31204725560841123,
        -0.8458135734064249,
        1.4448503156016608,
        -3.020217958199347,
        0.0,
        3.025188487751975,
        -1.4680555093899939,
        0.9165551803364352,
        -0.5880821430451695,
        0.22352794474245385
      ],
      [
        -0.22352794474245385,
        0.5880821430451695,
        -0.9165551803364352,
        1.4680555093899939,
        -3.025188487751975,
        0.0,
        3.020217958199347,
        -1.4448503156016608,
        0.8458135734064249,
        -0.31204725560841123
      ],
      [
        0.18664578939373597,
        -0.48346232633394814,
        0.7212373127216039,
        -1.0461893655024936,
        1.6464940839870597,
        -3.3873181012024447,
        0.0,
        3.3641258682978177,
        -1.5299026381816034,
        0.5283693768202727
      ],
      [
        -0.18078658548924992,
        0.46427495890815756,
        -0.676797087196086,
        0.9366032131394474,
        -1.3349154838782515,
        2.104350179413156,
        -4.368674557010185,
        0.0,
        4.259297354965219,
        -1.203351992852207
      ],
      [
        0.2127027580091888,
        -0.5437537382357056,
        0.7832392931379083,
        -1.0591544636454413,
        1.4449484487514552,
        -2.078207994036417,
        3.3516638627467734,
        -7.185502869705825,
        0.0,
        5.074064702978063
      ],
      [
        -0.5,
        1.2759548360926636,
        -1.8295639319032462,
        2.452884175442687,
        -3.294643033749184,
        4.5993547611031325,
        -6.943788485133954,
        12.17794670742982,
        -30.43814502928192,
        22.5
      ]
    ]
  },
  {
    "x": [
      -1.0,
      -0.9340014304080592,
      -0.7844834736631444,
      -0.565235326996205,
      -0.2957581355869394,
      0.0,
      0.2957581355869394,
      0.565235326996205,
      0.7844834736631444,
      0.9340014304080592,
      1.0
    ],
    "w": [
      0.01818181818181818,
      0.10961227326699487,
      0.1871698817803052,
      0.24804810426402832,
      0.28687912477900807,
      0.3002175954556907,
      0.28687912477900807,
      0.24804810426402832,
      0.1871698817803052,
      0.10961227326699487,
      0.01818181818181818
    ],
    "d": [
      [
        -27.5,
        37.202867381961894,
        -14.887396295098673,
        8.495619494633516,
        -5.640387997685885,
        4.063492063492063,
        -3.065539200881862,
        2.3597699130885776,
        -1.7979880357947782,
        1.2695626762851475,
        -0.5
      ],
      [
        -6.17098569731789,
        0.0,
        8.739670053520333,
        -4.079316193712744,
        2.534741178686501,
        -1.771907055269028,
        1.3155267144392522,
        -1.0033862429739588,
        0.7604009822439128,
        -0.5353310859294437,
        0.21058734631306575
      ],
      [
        1.4461724827922597,
        -5.118211824775777,
        0.0,
        5.2506617554544395,
        -2.533183408609448,
        1.6144191079350452,
        -1.1460685342801609,
        0.852916813558494,
        -0.6373620564181559,
        0.445313527290914,
        -0.17465786294761076
      ],
      [
        -0.6227252147386684,
        1.8026467998794657,
        -3.961996577045789,
        0.0,
        3.990795788028894,
        -1.9463494545710507,
        1.2490552915691868,
        -0.8845873145564326,
        0.6435862093598302,
        -0.4433956364372609,
        0.17297010851182482
      ],
      [
        0.35747637311649516,
        -0.9684871388021601,
        1.6527366342270542,
        -3.4506147161735594,
        0.0,
        3.4588513480770824,
        -1.6905705704687972,
        1.0799872504956867,
        -0.7477348246882332,
        0.5026433130128494,
        -0.19428766879641807
      ],
      [
        -0.24609375,
        0.6469399638321011,
        -1.0065054085767793,
        1.6081279037255152,
        -3.3051768533783217,
        0.0,
        3.3051768533783217,
        -1.6081279037255152,
        1.0065054085767793,
        -0.6469399638321011,
        0.24609375
      ],
      [
        0.19428766879641807,
        -0.5026433130128494,
        0.7477348246882332,
        -1.0799872504956867,
        1.6905705704687972,
        -3.4588513480770824,
        0.0,
        3.4506147161735594,
        -1.6527366342270542,
        0.9684871388021601,
        -0.35747637311649516
      ],
      [
        -0.17297010851182482,
        0.4433956364372609,
        -0.6435862093598302,
        0.8845873145564326,
        -1.2490552915691868,
        1.9463494545710507,
        -3.990795788028894,
        0.0,
        3.961996577045789,
        -1.8026467998794657,
        0.6227252147386684
      ],
      [
        0.17465786294761076,
        -0.445313527290914,
        0.6373620564181559,
        -0.852916813558494,
        1.1460685342801609,
        -1.6144191079350452,
        2.533183408609448,
        -5.2506617554544395,
        0.0,
        5.118211824775777,
        -1.4461724827922597
      ],
      [
        -0.21058734631306575,
        0.5353310859294437,
        -0.7604009822439128,
        1.0033862429739588,
        -1.3155267144392522,
        1.771907055269028,
        -2.534741178686501,
        4.079316193712744,
        -8.739670053520333,
        0.0,
        6.17098569731789
      ],
      [
        0.5,
        -1.2695626762851475,
        1.7979880357947782,
        -2.3597699130885776,
        3.065539200881862,
        -4.063492063492063,
        5.640387997685885,
        -8.495619494633516,
        14.887396295098673,
        -37.202867381961894,
        27.5
      ]
    ]
  },
  {
    "x": [
      -1.0,
      -0.9448992722228822,
      -0.8192793216440066,
      -0.6328761530318607,
      -0.3995309409653489,
      -0.13655293285492756,
      0.13655293285492756,
      0.3995309409653489,
      0.6328761530318607,
      0.8192793216440066,
      0.9448992722228822,
      1.0
    ],
    "w": [
      0.015151515151515152,
      0.09168451741319614,
      0.15797470556437013,
      0.21250841776102114,
      0.2512756031992013,
      0.2714052409106962,
      0.2714052409106962,
      0.2512756031992013,
      0.21250841776102114,
      0.15797470556437013,
      0.09168451741319614,
      0.015151515151515152
    ],
    "d": [
      [
        -33.0,
        44.643952189487294,
        -17.867257522389043,
        10.201110245689414,
        -6.781979862081468,
        4.901684610448606,
        -3.723843455606315,
        2.909809956303667,
        -2.2935424893001817,
        1.7748692360717184,
        -1.2648029086236907,
        0.5
      ],
      [
        -7.377728946034429,
        0.0,
        10.449299023483256,
        -4.879252498057882,
        3.0355489807328406,
        -2.128450905408188,
        1.590939932280527,
        -1.2313709301034526,
        0.964927935494239,
        -0.7440518955831411,
        0.5291569320650935,
        -0.20901762886886352
      ],
      [
        1.7136668943256343,
        -6.06450845944999,
        0.0,
        6.222157513608887,
        -3.0046393831034046,
        1.9198559674048454,
        -1.3713037255774418,
        1.0347734625083345,
        -0.79869538514769,
        0.6102924689917415,
        -0.43182887243374046,
        0.17022951887282406
      ],
      [
        -0.7273230777316992,
        2.105102072354816,
        -4.625433248921357,
        0.0,
        4.660024490009809,
        -2.2769655093429235,
        1.4687654451305368,
        -1.0532612660054195,
        0.7900439882348177,
        -0.5937349194619557,
        0.4163079892853457,
        -0.16352596355196963
      ],
      [
        0.40894248916054193,
        -1.10759994141562,
        1.8889896823631613,
        -3.94106876470028,
        0.0,
        3.951978026817746,
        -1.9386580353228582,
        1.2514675303792422,
        -0.8907625025193578,
        0.650552743618277,
        -0.44929809359037837,
        0.17545686520952622
      ],
      [
        -0.27364227895509946,
        0.7190207287273476,
        -1.1174754037877044,
        1.7828481722138056,
        -3.658866937080884,
        0.0,
        3.661583750318969,
        -1.794871261837639,
        1.1500331377515831,
        -0.7981839317491333,
        0.5374419426650596,
        -0.20788791826630498
      ],
      [
        0.20788791826630498,
        -0.5374419426650596,
        0.7981839317491333,
        -1.1500331377515831,
        1.794871261837639,
        -3.661583750318969,
        0.0,
        3.658866937080884,
        -1.7828481722138056,
        1.1174754037877044,
        -0.7190207287273476,
        0.27364227895509946
      ],
      [
        -0.17545686520952622,
        0.44929809359037837,
        -0.650552743618277,
        0.8907625025193578,
        -1.2514675303792422,
        1.9386580353228582,
        -3.951978026817746,
        0.0,
        3.94106876470028,
        -1.8889896823631613,
        1.10759994141562,
        -0.40894248916054193
      ],
      [
        0.16352596355196963,
        -0.4163079892853457,
        0.5937349194619557,
        -0.7900439882348177,
        1.0532612660054195,
        -1.4687654451305368,
        2.2769655093429235,
        -4.660024490009809,
        0.0,
        4.625433248921357,
        -2.105102072354816,
        0.7273230777316992
      ],
      [
        -0.17022951887282406,
        0.43182887243374046,
        -0.6102924689917415,
        0.79869538514769,
        -1.0347734625083345,
        1.3713037255774418,
        -1.9198559674048454,
        3.0046393831034046,
        -6.222157513608887,
        0.0,
        6.06450845944999,
        -1.7136668943256343
      ],
      [
        0.20901762886886352,
        -0.5291569320650935,
        0.7440518955831411,
        -0.964927935494239,
        1.2313709301034526,
        -1.590939932280527,
        2.128450905408188,
        -3.0355489807328406,
        4.879252498057882,
        -10.449299023483256,
        0.0,
        7.377728946034429
      ],
      [
        -0.5,
        1.2648029086236907,
        -1.7748692360717184,
        2.2935424893001817,
        -2.909809956303667,
        3.723843455606315,
        -4.901684610448606,
        6.781979862081468,
        -10.201110245689414,
        17.867257522389043,
        -44.643952189487294,
        33.0
      ]
    ]
  },
  {
    "x": [
      -1.0,
      -0.9533098466421639,
      -0.8463475646518723,
      -0.6861884690817575,
      -0.4829098210913362,
      -0.24928693010623998,
      0.0,
      0.24928693010623998,
      0.4829098210913362,
      0.6861884690817575,
      0.8463475646518723,
      0.9533098466421639,
      1.0
    ],
    "w": [
      0.01282051282051282,
      0.07780168674681892,
      0.13498192668960834,
      0.18364686520355009,
      0.2207677935661101,
      0.24401579030667636,
      0.2519308493334467,
      0.24401579030667636,
      0.2207677935661101,
      0.18364686520355009,
      0.13498192668960834,
      0.07780168674681892,
      0.01282051282051282
    ],
    "d": [
      [
        -39.0,
        52.761423861885405,
        -21.117653743253214,
        12.06063470067523,
        -8.025070763785875,
        5.811420347062709,
        -4.432900432900433,
        3.4921594903866477,
        -2.7983396009521306,
        2.2445689249231036,
        -1.7574041792619703,
        1.2611613952205254,
        -0.5
      ],
      [
        -8.694265373076503,
        0.0,
        12.314382672618843,
        -5.751599107991039,
        3.5810139729466113,
        -2.515519353181015,
        1.887609221199868,
        -1.4726326445157,
        1.1728770342146078,
        -0.937100735125418,
        0.7319028964617817,
        -0.5244884459770831,
        0.2078198624250479
      ],
      [
        2.005743710986542,
        -7.097837219190502,
        0.0,
        7.282866358471631,
        -3.518844047943388,
        2.251918743226606,
        -1.6141880026437718,
        1.2271720543746827,
        -0.962101662509045,
        0.7611026843454748,
        -0.5907738391208873,
        0.42185855007500644,
        -0.16691733007234846
      ],
      [
        -0.8419611281256956,
        2.436655325410649,
        -5.35296549603412,
        0.0,
        5.393669549602065,
        -2.638357430147707,
        1.706889865819062,
        -1.2322102992762634,
        0.9378320565227062,
        -0.7286627836650902,
        0.5594166098491019,
        -0.3970011563422653,
        0.15669488638755727
      ],
      [
        0.4660350178380064,
        -1.2619998726206538,
        2.1514929403387986,
        -4.4867527492484705,
        0.0,
        4.500136765905674,
        -2.2121103052236335,
        1.4358640069894442,
        -1.035390000704565,
        0.7801405924556584,
        -0.5882485573596906,
        0.41333842284915123,
        -0.1625062612197201
      ],
      [
        -0.30533019593227545,
        0.8020450171514788,
        -1.2456912330433396,
        1.985634088368518,
        -4.071397442379138,
        0.0,
        4.075981467586103,
        -2.005720876689814,
        1.2990656395049702,
        -0.927364407234521,
        0.6788333167741208,
        -0.4695323345991486,
        0.18347696049304635
      ],
      [
        0.2255859375,
        -0.5829344906221523,
        0.864865129509092,
        -1.2442500548652058,
        1.9384791997533273,
        -3.9479239708828473,
        0.0,
        3.9479239708828473,
        -1.9384791997533273,
        1.2442500548652058,
        -0.864865129509092,
        0.5829344906221523,
        -0.2255859375
      ],
      [
        -0.18347696049304635,
        0.4695323345991486,
        -0.6788333167741208,
        0.927364407234521,
        -1.2990656395049702,
        2.005720876689814,
        -4.075981467586103,
        0.0,
        4.071397442379138,
        -1.985634088368518,
        1.2456912330433396,
        -0.8020450171514788,
        0.30533019593227545
      ],
      [
        0.1625062612197201,
        -0.41333842284915123,
        0.5882485573596906,
        -0.7801405924556584,
        1.035390000704565,
        -1.4358640069894442,
        2.2121103052236335,
        -4.500136765905674,
        0.0,
        4.4867527492484705,
        -2.1514929403387986,
        1.2619998726206538,
        -0.4660350178380064
      ],
      [
        -0.15669488638755727,
        0.3970011563422653,
        -0.5594166098491019,
        0.7286627836650902,
        -0.9378320565227062,
        1.2322102992762634,
        -1.706889865819062,
        2.638357430147707,
        -5.393669549602065,
        0.0,
        5.35296549603412,
        -2.436655325410649,
        0.8419611281256956
      ],
      [
        0.16691733007234846,
        -0.42185855007500644,
        0.5907738391208873,
        -0.7611026843454748,
        0.962101662509045,
        -1.2271720543746827,
        1.6141880026437718,
        -2.251918743226606,
        3.518844047943388,
        -7.282866358471631,
        0.0,
        7.097837219190502,
        -2.005743710986542
      ],
      [
        -0.2078198624250479,
        0.5244884459770831,
        -0.7319028964617817,
        0.937100735125418,
        -1.1728770342146078,
        1.4726326445157,
        -1.887609221199868,
        2.515519353181015,
        -3.5810139729466113,
        5.751599107991039,
        -12.314382672618843,
        0.0,
        8.694265373076503
      ],
      [
        0.5,
        -1.2611613952205254,
        1.7574041792619703,
        -2.2445689249231036,
        2.7983396009521306,
        -3.4921594903866477,
        4.432900432900433,
        -5.811420347062709,
        8.025070763785875,
        -12.06063470067523,
        21.117653743253214,
        -52.761423861885405,
        39.0
      ]
    ]
  },
  {
    "x": [
      -1.0,
      -0.9599350452672609,
      -0.8678010538303472,
      -0.7288685990913262,
      -0.5506394029286471,
      -0.34272401334271285,
      -0.11633186888370387,
      0.11633186888370387,
      0.34272401334271285,
      0.5506394029286471,
      0.7288685990913262,
      0.8678010538303472,
      0.9599350452672609,
      1.0
    ],
    "w": [
      0.01098901098901099,
      0.06683728449768128,
      0.11658665589871166,
      0.16002185176295214,
      0.1948261493734161,
      0.21912625300977076,
      0.23161279446845706,
      0.23161279446845706,
      0.21912625300977076,
      0.1948261493734161,
      0.16002185176295214,
      0.11658665589871166,
      0.06683728449768128,
      0.01098901098901099
    ],
    "d": [
      [
        -45.5,
        61.55529800476246,
        -24.63866233474163,
        14.074420556412836,
        -9.370210163731938,
        6.793915431868027,
        -5.1953256709002495,
        4.1125259021188185,
        -3.325685266945078,
        2.7153980647636073,
        -2.2072338895180956,
        1.7438715911435672,
        -1.2583122252323296,
        0.5
      ],
      [
        -10.120576431103325,
        0.0,
        14.334915530984295,
        -6.696430449903467,
        4.171354544066949,
        -2.9336218244933976,
        2.2066510872778244,
        -1.729624725913195,
        1.389975175472274,
        -1.1302436894620063,
        0.9162227896015627,
        -0.7226059524855154,
        0.5208685759157716,
        -0.20688462995776924
      ],
      [
        2.322345804190777,
        -8.217980181428421,
        0.0,
        8.432600270326462,
        -4.075853175346754,
        2.6109572123449842,
        -1.875623537316219,
        1.432198088614595,
        -1.1325281260796503,
        0.9113560712161466,
        -0.7337534431406024,
        0.5761689246551073,
        -0.4142585551810657,
        0.16437064714464036
      ],
      [
        -0.9665177627583873,
        2.796938181681225,
        -6.1437150940128396,
        0.0,
        6.190919105411943,
        -3.030453402739788,
        1.9640814389985106,
        -1.4234161812380492,
        1.0920131029770992,
        -0.8623647010599303,
        0.685994705524899,
        -0.5345886155389039,
        0.38268425578884885,
        -0.15157503303462802
      ],
      [
        0.5285191068537477,
        -1.4310297221351362,
        2.439046776708828,
        -5.084955703065576,
        0.0,
        5.100784156024681,
        -2.510500351272496,
        1.6347468966952448,
        -1.1871221785866088,
        0.9080352719777866,
        -0.7083094174084432,
        0.545368047450496,
        -0.387742709421884,
        0.15315982617936005
      ],
      [
        -0.3407095695461013,
        0.8948052266632294,
        -1.3891661355079663,
        2.213056439048118,
        -4.535130420264646,
        0.0,
        4.541221797033415,
        -2.239589951681109,
        1.458899815986971,
        -1.0554757347103316,
        0.7974670149633367,
        -0.6025643441499152,
        0.4239663891099912,
        -0.16678052694499293
      ],
      [
        0.24649541067036743,
        -0.6367807393627887,
        0.9441303812358735,
        -1.356988717324892,
        2.111762079299294,
        -4.296398732004207,
        0.0,
        4.298048374859742,
        -2.1188507980160383,
        1.3751029765613878,
        -0.9834417553391386,
        0.7209238423952542,
        -0.4991236349675322,
        0.1951213119926789
      ],
      [
        -0.1951213119926789,
        0.4991236349675322,
        -0.7209238423952542,
        0.9834417553391386,
        -1.3751029765613878,
        2.1188507980160383,
        -4.298048374859742,
        0.0,
        4.296398732004207,
        -2.111762079299294,
        1.356988717324892,
        -0.9441303812358735,
        0.6367807393627887,
        -0.24649541067036743
      ],
      [
        0.16678052694499293,
        -0.4239663891099912,
        0.6025643441499152,
        -0.7974670149633367,
        1.0554757347103316,
        -1.458899815986971,
        2.239589951681109,
        -4.541221797033415,
        0.0,
        4.535130420264646,
        -2.213056439048118,
        1.3891661355079663,
        -0.8948052266632294,
        0.3407095695461013
      ],
      [
        -0.15315982617936005,
        0.387742709421884,
        -0.545368047450496,
        0.7083094174084432,
        -0.9080352719777866,
        1.1871221785866088,
        -1.6347468966952448,
        2.510500351272496,
        -5.100784156024681,
        0.0,
        5.084955703065576,
        -2.439046776708828,
        1.4310297221351362,
        -0.5285191068537477
      ],
      [
        0.15157503303462802,
        -0.38268425578884885,
        0.5345886155389039,
        -0.685994705524899,
        0.8623647010599303,
        -1.0920131029770992,
        1.4234161812380492,
        -1.9640814389985106,
        3.030453402739788,
        -6.190919105411943,
        0.0,
        6.1437150940128396,
        -2.796938181681225,
        0.9665177627583873
      ],
      [
        -0.16437064714464036,
        0.4142585551810657,
        -0.5761689246551073,
        0.7337534431406024,
        -0.9113560712161466,
        1.1325281260796503,
        -1.432198088614595,
        1.875623537316219,
        -2.6109572123449842,
        4.075853175346754,
        -8.432600270326462,
        0.0,
        8.217980181428421,
        -2.322345804190777
      ],
      [
        0.20688462995776924,
        -0.5208685759157716,
        0.7226059524855154,
        -0.9162227896015627,
        1.1302436894620063,
        -1.389975175472274,
        1.729624725913195,
        -2.2066510872778244,
        2.9336218244933976,
        -4.171354544066949,
        6.696430449903467,
        -14.334915530984295,
        0.0,
        10.120576431103325
      ],
      [
        -0.5,
        1.2583122252323296,
        -1.7438715911435672,
        2.2072338895180956,
        -2.7153980647636073,
        3.325685266945078,
        -4.1125259021188185,
        5.1953256709002495,
        -6.793915431868027,
        9.370210163731938,
        -14.074420556412836,
        24.63866233474163,
        -61.55529800476246,
        45.5
      ]
    ]
  },
  {
    "x": [
      -1.0,
      -0.9652459265038386,
      -0.8850820442229763,
      -0.7635196899518152,
      -0.6062532054698457,
      -0.4206380547136725,
      -0.21535395536379423,
      0.0,
      0.21535395536379423,
      0.4206380547136725,
      0.6062532054698457,
      0.7635196899518152,
      0.8850820442229763,
      0.9652459265038386,
      1.0
    ],
    "w": [
      0.009523809523809525,
      0.058029893028601245,
      0.10166007032571807,
      0.1405116998024281,
      0.17278964725360094,
      0.19698723596461334,
      0.21197358592682092,
      0.21704811634881566,
      0.21197358592682092,
      0.19698723596461334,
      0.17278964725360094,
      0.1405116998024281,
      0.10166007032571807,
      0.058029893028601245,
      0.009523809523809525
    ],
    "d": [
      [
        -52.5,
        71.02558497763616,
        -28.43033391448748,
        16.24261338770356,
        -10.81773845977086,
        7.849892820030034,
        -6.012591978159575,
        4.773892773892774,
        -3.88179632184775,
        3.2013285575532495,
        -2.651792275399327,
        2.1780637164430443,
        -1.7331637450601247,
        1.256040461466289,
        -0.5
      ],
      [
        -11.65664982892109,
        0.0,
        16.51089350781764,
        -7.713792859831268,
        4.806703472397787,
        -3.383056444705048,
        2.5486857139498196,
        -2.00361441740726,
        1.6188710359913343,
        -1.3294324744833426,
        1.098041687488835,
        -0.9001072142711416,
        0.71532038884579,
        -0.5180027040476836,
        0.2061401371756258
      ],
      [
        2.6634359393255536,
        -9.424795605545603,
        0.0,
        9.671235049720094,
        -4.6756927618573965,
        2.9971639025755534,
        -2.1560913466197493,
        1.6508943356566852,
        -1.312202561093699,
        1.066089708858041,
        -0.8741951103372964,
        0.713124387159656,
        -0.5649193803710658,
        0.4083212367737012,
        -0.16236779424447448
      ],
      [
        -1.1009158403953356,
        3.1857174536369914,
        -6.9971286140124285,
        0.0,
        7.051255256799947,
        -3.453174892191528,
        2.2406434061923863,
        -1.6278018041926277,
        1.2547522804225089,
        -0.9998923362464726,
        0.8095693301629909,
        -0.6548619591350086,
        0.5159447608389296,
        -0.3717350614352471,
        0.14762801955489385
      ],
      [
        0.5962514664899822,
        -1.6142893556236297,
        2.750924390129907,
        -5.734046440986176,
        0.0,
        5.752369325803379,
        -2.8334605937231543,
        1.84869430640976,
        -1.3480866210654852,
        1.0397662742045002,
        -0.824737907344342,
        0.6583378373483215,
        -0.5143290573702838,
        0.36876770500261546,
        -0.14616132927539335
      ],
      [
        -0.3795214630744706,
        0.9966046918452143,
        -1.5467595736419644,
        2.463161998496497,
        -5.04575772034566,
        0.0,
        5.0532003618548265,
        -2.4954588171632075,
        1.6310608760501473,
        -1.1886703887035353,
        0.9120430918593154,
        -0.7132267788693251,
        0.5501816107288385,
        -0.39163361983959016,
        0.15477573080291374
      ],
      [
        0.2701411144884136,
        -0.6977282508920303,
        1.0340363728229125,
        -1.4852634222260352,
        2.3096870978321955,
        -4.695943448354038,
        0.0,
        4.698771051128009,
        -2.321759074057207,
        1.5157462768689502,
        -1.0988888577920255,
        0.831742195529993,
        -0.6293171107103205,
        0.44318216647101333,
        -0.1744061111098307
      ],
      [
        -0.20947265625,
        0.5356855072902407,
        -0.7732388425498723,
        1.053799509049798,
        -1.4717254517469391,
        2.264813641904642,
        -4.588914964624969,
        0.0,
        4.588914964624969,
        -2.264813641904642,
        1.4717254517469391,
        -1.053799509049798,
        0.7732388425498723,
        -0.5356855072902407,
        0.20947265625
      ],
      [
        0.1744061111098307,
        -0.44318216647101333,
        0.6293171107103205,
        -0.831742195529993,
        1.0988888577920255,
        -1.5157462768689502,
        2.321759074057207,
        -4.698771051128009,
        0.0,
        4.695943448354038,
        -2.3096870978321955,
        1.4852634222260352,
        -1.0340363728229125,
        0.6977282508920303,
        -0.2701411144884136
      ],
      [
        -0.15477573080291374,
        0.39163361983959016,
        -0.5501816107288385,
        0.7132267788693251,
        -0.9120430918593154,
        1.1886703887035353,
        -1.6310608760501473,
        2.4954588171632075,
        -5.0532003618548265,
        0.0,
        5.04575772034566,
        -2.463161998496497,
        1.5467595736419644,
        -0.9966046918452143,
        0.3795214630744706
      ],
      [
        0.14616132927539335,
        -0.36876770500261546,
        0.5143290573702838,
        -0.6583378373483215,
        0.824737907344342,
        -1.0397662742045002,
        1.3480866210654852,
        -1.84869430640976,
        2.8334605937231543,
        -5.752369325803379,
        0.0,
        5.734046440986176,
        -2.750924390129907,
        1.6142893556236297,
        -0.5962514664899822
      ],
      [
        -0.14762801955489385,
        0.3717350614352471,
        -0.5159447608389296,
        0.6548619591350086,
        -0.8095693301629909,
        0.9998923362464726,
        -1.2547522804225089,
        1.6278018041926277,
        -2.2406434061923863,
        3.453174892191528,
        -7.051255256799947,
        0.0,
        6.9971286140124285,
        -3.1857174536369914,
        1.1009158403953356
      ],
      [
        0.16236779424447448,
        -0.4083212367737012,
        0.5649193803710658,
        -0.713124387159656,
        0.8741951103372964,
        -1.066089708858041,
        1.312202561093699,
        -1.6508943356566852,
        2.1560913466197493,
        -2.9971639025755534,
        4.6756927618573965,
        -9.671235049720094,
        0.0,
